##
## Kepler Eclipsing Binary Catalog
## Revision Date (Y/M/D): May 6, 2018, 1:10 a.m.
## Download Date (Y/M/D): 2018/05/30
##
## Query String: {&quot;sort&quot;:&quot;p&quot;,&quot;etvlong&quot;:true,&quot;campaign&quot;:[&quot;-2&quot;],&quot;kics&quot;:[&quot;file&quot;],&quot;cols&quot;:[&quot;sdepth&quot;,&quot;pdepth&quot;,&quot;glon&quot;,&quot;pteff&quot;,&quot;cteff&quot;,&quot;ra&quot;,&quot;bjd0&quot;,&quot;morph&quot;,&quot;glat&quot;,&quot;kic&quot;,&quot;dec&quot;,&quot;koiid&quot;,&quot;keff&quot;,&quot;p&quot;,&quot;sep&quot;,&quot;pwidth&quot;,&quot;swidth&quot;,&quot;bjd0err&quot;,&quot;perr&quot;,&quot;kmag&quot;],&quot;etvshort&quot;:true,&quot;incat1&quot;:true,&quot;incat0&quot;:true,&quot;kois&quot;:[]}
##
#KIC	KOI	period	period_err	bjd0	bjd0_err	pdepth	sdepth	pwidth	swidth	sep	morph	RA	DEC	GLon	GLat	kmag	Teff	Teff(Pinsonneault)	Teff(Casagrande)	
8555795	-1	0.2345234	0.0000001	55000.099196	0.008403	0.0029	-1.0000	0.1157	-1.0000	1.0000	0.63	290.2381	44.6484	76.3279	13.8353	15.9190	5002.0000	5187.0000	5712.0000	
11135978	-1	0.2920594	0.0000002	54953.926345	0.015543	0.0076	0.0061	0.1121	0.1248	0.5013	0.75	291.0413	48.7180	80.3893	15.0164	12.3310	5004.0000	5184.0000	4974.0000	
9181877	-1	0.3210098	0.0000002	54953.793919	0.016609	0.0111	0.0088	0.1387	0.1154	0.5037	0.75	300.5397	45.5072	80.5581	7.8076	11.6980	4599.0000	4743.0000	4913.0000	
4999260	-1	0.3783682	0.0000003	54953.743079	0.017178	0.0235	0.0219	0.0883	0.0952	0.5008	0.76	288.0198	40.1271	71.3952	13.4544	9.3330	5048.0000	5204.0000	5271.0000	
5802246	1044	0.5251543	-1	54965.171265	-1	0.0009	-1.0000	0.1386	-1.0000	1.0000	0.61	295.0987	41.0070	74.6252	9.0224	15.0580	5412.0000	-1.0000	-1.0000	
7335713	3250	0.5737111	0.0000005	55002.227811	-1	0.0001	-1.0000	0.1249	-1.0000	1.0000	0.59	280.9024	42.9357	72.0418	19.4425	12.4360	5084.0000	-1.0000	-1.0000	
7769072	-1	0.6088629	0.0000005	54965.049919	0.009268	0.0019	0.0011	0.0844	0.0831	0.5021	0.52	296.8397	43.4081	77.3846	9.0415	13.8860	4858.0000	5018.0000	4990.0000	
11197853	2813	0.6984615	0.0000006	54999.774875	0.012035	0.0001	-1.0000	0.0721	-1.0000	1.0000	0.48	295.3422	48.8562	81.7804	12.5222	13.5860	4981.0000	5277.0000	4985.0000	
3848972	1187	0.7410574	0.0000007	55001.998566	0.008762	0.0019	0.0017	0.0576	0.0562	0.5001	0.46	291.0713	38.9990	71.3794	10.8457	14.4890	5286.0000	5517.0000	5437.0000	
6791033	-1	0.7581910	-1	54999.914016	-1	0.0037	0.0034	0.2249	0.2769	0.5051	0.94	295.5374	42.2518	75.8927	9.3243	12.3850	4833.0000	-1.0000	-1.0000	
7690843	-1	0.7862605	0.0000007	54954.158345	0.030087	0.0554	0.0284	0.1556	0.1351	0.5011	0.64	294.5265	43.3965	76.5660	10.5159	11.0830	4827.0000	5006.0000	4865.0000	
7031714	-1	0.8141325	-1	54954.249246	-1	0.0091	0.0031	0.1286	0.1174	0.5028	0.60	291.1836	42.5336	74.6614	12.3166	12.1260	4793.0000	-1.0000	-1.0000	
3556742	-1	0.8230140	0.0000008	54965.158021	-1	0.0021	0.0017	0.1319	0.1352	0.5003	0.63	294.4725	38.6755	72.3174	8.3422	14.2210	4921.0000	-1.0000	-1.0000	
5952403	6139	0.9056778	0.0000009	54965.197892	0.014736	0.0032	-1.0000	0.0888	-1.0000	1.0000	0.53	289.2874	41.2648	72.8685	13.0527	6.9660	-1.0000	-1.0000	-1.0000	
10735519	6082	0.9070641	0.0000009	54954.052963	0.019816	0.0019	-1.0000	0.1177	-1.0000	1.0000	0.56	293.5574	48.0417	80.4900	13.2164	11.7800	4881.0000	5002.0000	5028.0000	
4732015	5076	0.9388564	-1	54953.933805	-1	0.0135	-1.0000	0.1358	-1.0000	1.0000	0.59	286.8252	39.8025	70.7064	14.1588	10.1470	4185.0000	-1.0000	-1.0000	
5308777	5152	0.9446661	-1	55002.076933	-1	0.0003	-1.0000	0.1698	-1.0000	1.0000	0.57	299.5773	40.4985	75.8726	5.8229	13.1990	4705.0000	-1.0000	-1.0000	
10991989	-1	0.9744780	0.0000010	54954.647910	0.017607	0.0088	0.0050	0.0948	0.0882	0.4992	0.54	298.5271	48.4186	82.4035	10.4612	10.2820	5021.0000	5135.0000	5173.0000	
5652071	-1	1.0204680	-1	55165.260870	-1	0.0025	0.0021	0.1627	0.1691	0.5131	0.78	299.5093	40.8089	76.1133	6.0270	13.2990	4679.0000	-1.0000	-1.0000	
4679687	4049	1.0279026	0.0000014	55000.391764	0.011894	0.0025	-1.0000	0.0592	-1.0000	1.0000	0.44	297.5802	39.7027	74.4032	6.7358	15.3200	5225.0000	-1.0000	-1.0000	
2997455	6098	1.1298500	0.0000013	54964.788647	0.013905	0.0045	-1.0000	0.0676	-1.0000	1.0000	0.45	293.1304	38.1278	71.3301	9.0157	13.8000	4795.0000	4966.0000	5019.0000	
10191070	727	1.2137451	0.0000014	54964.745516	0.035461	0.0021	-1.0000	0.1574	-1.0000	1.0000	0.59	283.8757	47.2319	77.0716	18.9066	15.8250	4650.0000	4877.0000	5212.0000	
8747222	5569	1.6674594	-1	55001.189680	-1	0.0006	-1.0000	0.0487	-1.0000	1.0000	0.39	289.3297	44.9742	76.3605	14.5568	12.8820	4777.0000	-1.0000	-1.0000	
10227501	985	2.0027866	-1	54964.782569	-1	0.0006	-1.0000	0.0642	-1.0000	1.0000	0.43	298.4478	47.2650	81.3561	9.9406	14.6060	5169.0000	-1.0000	-1.0000	
7830321	6044	2.0273963	0.0000029	54966.710252	0.011249	0.0034	0.0031	0.0324	0.0332	0.5002	0.43	294.4544	43.5005	76.6353	10.6104	15.4760	5347.0000	5581.0000	5285.0000	
5650420	5187	2.0988242	-1	55002.581860	-1	0.0006	-1.0000	0.0706	-1.0000	1.0000	0.50	299.1909	40.8226	76.0008	6.2408	12.3870	4611.0000	-1.0000	-1.0000	
5015913	1667	2.3599371	0.0000036	54954.581594	0.013473	0.0013	0.0008	0.0311	0.0364	0.4988	0.28	293.2021	40.1709	73.1948	9.9070	12.9890	5487.0000	5692.0000	5793.0000	
5802285	-1	2.4170498	0.0000038	54964.984400	0.012577	0.0099	0.0055	0.0288	0.0277	0.5001	0.26	295.1084	41.0741	74.6885	9.0476	15.3490	4791.0000	4958.0000	5035.0000	
8453324	-1	2.5245437	0.0000040	54958.728589	0.020981	0.0074	0.0067	0.0481	0.0501	0.5011	0.41	298.8286	44.4891	79.0506	8.3298	11.5160	4733.0000	4956.0000	4912.0000	
10007492	5754	2.6455940	-1	54956.123065	-1	0.0016	-1.0000	0.0395	-1.0000	1.0000	0.29	290.0866	46.9452	78.4435	14.8775	12.3750	5071.0000	-1.0000	-1.0000	
8462258	1253	3.6115240	-1	55190.249970	-1	0.0030	-1.0000	0.0823	-1.0000	1.0000	0.48	301.3551	44.4923	79.9888	6.7860	15.7360	5011.0000	-1.0000	-1.0000	
11147460	6235	4.1077356	0.0000081	54965.942823	0.030707	0.0047	0.0042	0.0427	0.0435	0.5007	0.37	296.2050	48.7668	81.9670	11.9767	13.9120	4855.0000	5101.0000	-9999.0000	
4570555	5072	4.7503033	-1	54958.138034	-1	0.0008	-1.0000	0.0211	-1.0000	1.0000	0.15	294.0963	39.6471	73.0460	9.0565	11.5400	4883.0000	-1.0000	-1.0000	
10748393	1289	4.8877800	-1	55187.539410	-1	0.0033	-1.0000	0.0229	-1.0000	1.0000	0.16	297.7104	48.0838	81.8366	10.7734	15.3990	5088.0000	-1.0000	-1.0000	
5110423	1777	5.3704341	0.0000124	55007.012744	0.026790	0.0065	0.0055	0.0311	0.0262	0.4999	0.27	294.8368	40.2656	73.8688	8.8465	15.8280	5369.0000	5627.0000	5503.0000	
12645761	5976	5.4191379	0.0000120	54961.669259	0.035210	0.0125	0.0117	0.0390	0.0430	0.5010	0.36	289.7039	51.7144	82.8981	16.9899	13.3680	4844.0000	5027.0000	4751.0000	
8848288	3886	5.5664753	0.0000124	55038.387164	0.085548	0.0008	-1.0000	0.0755	-1.0000	1.0000	0.52	301.0473	45.0876	80.3839	7.2844	9.8370	4624.0000	4762.0000	4750.0000	
8255058	5495	6.2800417	-1	54955.727921	-1	0.0046	-1.0000	0.0330	-1.0000	1.0000	0.23	298.4307	44.1925	78.6470	8.4276	13.2850	4878.0000	-1.0000	-1.0000	
5254230	5999	7.0355743	-1	54970.947608	-1	0.0017	-1.0000	0.0190	-1.0000	1.0000	0.19	284.0484	40.4085	70.4307	16.3512	14.8840	5142.0000	-1.0000	-1.0000	
10809677	-1	7.0421757	0.0000176	54970.735027	0.023294	0.0053	0.0041	0.0187	0.0175	0.5003	0.17	296.4786	48.1462	81.4932	11.5262	13.9420	4995.0000	5157.0000	5166.0000	
6762188	5323	7.1555020	0.0000181	54967.001224	0.033585	0.0027	-1.0000	0.0265	-1.0000	1.0000	0.18	286.5511	42.2348	72.9311	15.3119	13.6720	4801.0000	4948.0000	4863.0000	
5990753	-1	7.2165917	0.0000181	55002.947127	0.025778	0.0000	-1.0000	0.0341	-1.0000	1.0000	0.15	299.3055	41.2635	76.4264	6.3923	10.9160	4886.0000	5006.0000	5036.0000	
3869326	5991	8.5860440	0.0000232	54969.211375	0.023559	0.0008	-1.0000	0.0152	-1.0000	1.0000	0.14	296.0330	38.9367	73.1375	7.4004	11.5980	4903.0000	4968.0000	4935.0000	
11124509	-1	8.8929049	0.0000246	54968.730052	0.017213	0.0070	0.0033	0.0110	0.0096	0.5000	0.09	284.4035	48.7081	78.6671	19.0738	14.7350	5417.0000	5575.0000	5687.0000	
5218014	-1	10.8452926	0.0000329	54971.333966	0.028159	0.0068	0.0061	0.0146	0.0180	0.3596	0.11	298.9979	40.3148	75.4864	6.1073	12.9230	4752.0000	4916.0000	5097.0000	
9468382	3409	11.0824887	0.0000336	55002.914027	0.041754	0.0018	-1.0000	0.0216	-1.0000	1.0000	0.19	293.2526	46.0490	78.5614	12.5240	13.5660	4911.0000	5165.0000	5099.0000	
7943602	-1	14.6920163	0.0000506	54967.665197	0.147125	0.0207	0.0071	0.0642	0.0680	0.4994	0.46	284.5936	43.7604	73.8403	17.2133	13.9880	4889.0000	5176.0000	4954.0000	
7955301	-1	15.3244193	0.0000537	54968.272901	0.420237	0.0118	0.0074	0.0274	0.0368	0.5180	0.33	290.1863	43.7239	75.4476	13.4825	12.6720	4821.0000	5001.0000	5096.0000	
2010607	4929	18.6322960	0.0000710	54974.489675	-1	0.0006	-1.0000	0.0603	-1.0000	1.0000	-1.00	290.5056	37.4590	69.7736	10.5638	11.3470	6122.0000	6361.0000	6388.0000	
8702921	6187	19.3843829	0.0000751	54970.214339	-1	0.0052	0.0013	0.0484	0.2118	0.4438	-1.00	296.6650	44.8531	78.6063	9.8487	11.9800	4824.0000	4929.0000	5097.0000	
9291629	6198	20.6861040	0.0000828	54967.618459	1.385689	0.1909	-1.0000	0.0670	-1.0000	1.0000	0.53	295.9068	45.7241	79.1275	10.7321	13.9570	4629.0000	4748.0000	4611.0000	
8095275	-1	23.0073495	0.0000961	54919.890796	2.498918	0.0034	-1.0000	0.0814	-1.0000	1.0000	-1.00	290.9708	43.9708	75.9235	13.0742	13.6060	4683.0000	4822.0000	4929.0000	
2720096	-1	26.6746797	0.0001330	55003.029283	-1	0.0000	-1.0000	0.0595	-1.0000	1.0000	-1.00	292.9791	37.9109	71.0796	9.0213	13.0470	4832.0000	5021.0000	4999.0000	
3955867	-1	33.6599615	0.0001642	54960.825756	0.352426	0.0421	0.0161	0.0570	0.0501	0.5031	0.40	291.9301	39.0721	71.7486	10.2812	13.5470	4706.0000	4858.0000	4833.0000	
5303346	3275	37.3248819	-1	54976.037742	-1	0.0052	0.0023	0.0064	0.0079	0.4922	0.04	298.5409	40.4716	75.4442	6.4867	14.7270	5088.0000	-1.0000	-1.0000	
5308778	-1	40.5654998	0.0002376	54949.762109	0.242627	0.0021	0.0017	0.0378	0.0398	0.5003	0.39	299.5774	40.4585	75.8381	5.8022	11.7770	4812.0000	5003.0000	5162.0000	
4569590	-1	41.3701999	0.0002188	55039.730861	0.624610	0.0176	0.0030	0.0824	0.0759	0.5008	0.48	293.8623	39.6901	72.9995	9.2359	12.7990	4588.0000	4762.0000	4556.0000	
6042191	-1	43.3909231	0.0002376	54981.274403	-1	-0.0007	-1.0000	0.0473	-1.0000	1.0000	-1.00	291.7434	41.3100	73.7234	11.4067	13.1580	4986.0000	5156.0000	5147.0000	
5179609	5132	43.9309664	0.0002376	54967.217779	0.088101	0.0097	-1.0000	0.0110	-1.0000	1.0000	0.08	289.6114	40.3358	72.1114	12.4381	12.7760	4777.0000	4903.0000	5034.0000	
9408183	-1	49.6835440	0.0002837	54979.695875	-1	0.0004	-1.0000	0.1342	-1.0000	1.0000	-1.00	293.4932	45.9876	78.5810	12.3470	13.1790	4896.0000	5034.0000	4958.0000	
4663185	3805	56.6990759	-1	54979.146778	-1	0.0089	-1.0000	0.0051	-1.0000	1.0000	0.03	294.0794	39.7296	73.1138	9.1066	11.3560	4638.0000	-1.0000	-1.0000	
8430105	3873	63.3271056	0.0003896	54976.635546	0.387733	0.0197	0.0123	0.0338	0.0331	0.3413	0.23	291.5586	44.4882	76.5884	12.9153	10.4200	4965.0000	5227.0000	5213.0000	
8803882	2659	89.6302162	0.0006381	55093.215663	-1	0.0000	-1.0000	0.0102	-1.0000	1.0000	-1.00	284.7969	45.0991	75.2029	17.5627	12.9980	5018.0000	5187.0000	5147.0000	
5006817	5112	94.8119689	0.0015784	55019.021018	-1	0.0018	-1.0000	0.0355	-1.0000	1.0000	-1.00	290.4560	40.1457	72.2189	11.7743	10.8660	4935.0000	-1.0000	-1.0000	
9904059	145	102.9663705	0.0007653	54991.058149	0.081258	0.0015	-1.0000	0.0066	-1.0000	1.0000	0.04	296.8177	46.7815	80.3789	10.6782	13.6080	4940.0000	5101.0000	5084.0000	
2444348	-1	103.2069891	0.0007653	54992.474120	-1	0.0007	-1.0000	0.0935	-1.0000	1.0000	-1.00	291.6687	37.7041	70.4143	9.8482	10.3160	4546.0000	4702.0000	4707.0000	
7377422	-1	107.6228469	0.0008402	54986.644426	0.389498	0.0190	0.0076	0.0211	0.0199	0.2305	0.16	295.9304	42.9512	76.6557	9.4029	13.5620	4488.0000	4671.0000	4571.0000	
5653849	3711	111.0389527	-1	54985.785020	-1	0.0276	0.0104	0.0135	0.0078	0.0828	0.10	299.8460	40.8453	76.2769	5.8276	14.5870	5276.0000	-1.0000	-1.0000	
10001167	-1	120.3909714	0.0009445	54957.586519	0.824451	0.0224	0.0080	0.0370	0.0397	0.5850	0.27	286.9557	46.9366	77.5679	16.8421	10.0500	4683.0000	4914.0000	4862.0000	
7768447	-1	122.5000000	0.0009445	55085.777686	0.464845	0.0064	0.0037	0.0192	0.0233	0.3075	0.15	296.6699	43.4726	77.3814	9.1806	11.8980	4694.0000	4838.0000	4726.0000	
11044668	-1	139.4500000	0.0011813	54955.001055	-1	0.0031	0.0031	0.0374	0.1450	0.0000	-1.00	297.9449	48.5578	82.3358	10.8660	12.3460	4959.0000	5293.0000	5197.0000	
8210370	-1	153.7000000	0.0013735	54963.676988	-1	0.0064	0.0064	0.0349	0.2103	0.0000	-1.00	280.7721	44.1887	73.2661	19.9426	11.1670	4793.0000	5017.0000	4999.0000	
9246715	-1	171.2776968	0.0015784	55170.514777	0.445226	0.1773	0.1124	0.0155	0.0165	0.7126	0.11	300.9514	45.6041	80.7927	7.6115	9.2660	4699.0000	4900.0000	5056.0000	
9540226	-1	175.4588273	0.0015784	55115.624332	-1	0.0231	0.0069	0.0286	0.0282	0.2592	-1.00	297.0340	46.1985	79.9308	10.2683	11.6720	4584.0000	4811.0000	4746.0000	
5786154	-1	197.9207814	0.0019230	55162.610767	0.954804	0.0783	0.0225	0.0265	0.0204	0.2834	0.18	290.2559	41.0180	72.9566	12.2876	13.5340	4743.0000	4953.0000	4702.0000	
7037405	-1	207.1505238	0.0019230	54905.625221	0.892253	0.0686	0.0193	0.0236	0.0274	0.4002	0.16	292.9762	42.5477	75.2701	11.1378	11.8750	4605.0000	4819.0000	4572.0000	
6850665	3244	214.7160563	0.0022831	55110.512239	-1	0.0066	-1.0000	0.0119	-1.0000	1.0000	-1.00	287.7663	42.3227	73.3828	14.5210	12.3910	4828.0000	5046.0000	4932.0000	
9970396	-1	235.2993983	0.0022831	55190.482944	0.576977	0.0621	0.0249	0.0135	0.0155	0.4133	0.09	298.7098	46.8330	81.0647	9.5718	11.4470	4716.0000	4910.0000	4865.0000	
5039392	-1	236.7279406	0.0022831	54968.812943	-1	0.0144	-1.0000	0.0972	-1.0000	1.0000	-1.00	298.4009	40.1722	75.1299	6.4273	11.6480	4152.0000	4303.0000	-9999.0000	
4054905	-1	274.7090224	0.0027943	54870.349164	0.873426	0.1683	0.1452	0.0178	0.0109	0.3051	0.13	290.9189	39.1699	71.4824	11.0272	12.9840	4702.0000	4957.0000	4908.0000	
7431665	-1	281.4000000	0.0027943	55005.281580	-1	0.0058	0.0019	0.0131	0.0605	0.9360	-1.00	287.3766	43.0095	73.9164	15.0572	10.9740	4729.0000	4920.0000	4907.0000	
9153621	-1	305.8196777	0.0038107	55002.670328	0.497138	0.0319	0.0081	0.0081	0.0246	0.1571	0.06	291.4119	45.5352	77.5147	13.4572	12.8740	4789.0000	5043.0000	5004.0000	
5866138	-1	342.3000000	0.0038107	54926.772963	0.489670	0.0043	-1.0000	0.0073	-1.0000	1.0000	0.05	288.4589	41.1082	72.4558	13.5548	11.0700	5078.0000	5276.0000	5307.0000	
4663623	-1	358.1000000	0.0038107	54962.684595	0.596694	0.1249	0.0028	0.0076	0.0073	0.4983	0.05	294.1987	39.7580	73.1826	9.0388	12.8300	4735.0000	4994.0000	4910.0000	
10074700	5760	365.6500000	0.0050535	55071.990807	0.260601	0.0307	0.0112	0.0038	0.0052	0.4872	0.02	291.6262	47.0812	79.0206	13.9786	14.6220	5066.0000	5315.0000	5021.0000	
8410637	-1	408.3200000	0.0050535	54990.600000	0.485902	0.1047	0.0251	0.0062	0.0216	0.2317	0.03	282.1587	44.4861	73.9111	19.1045	10.7710	4682.0000	4901.0000	4753.0000	
6757558	-1	421.1600000	0.0050535	54348.569861	0.409745	0.0035	-1.0000	0.0050	-1.0000	1.0000	0.02	284.4548	42.2048	72.2884	16.7365	12.8650	4742.0000	4903.0000	4872.0000	
9151763	-1	438.0519390	0.0050535	54948.994358	-1	-0.0059	-1.0000	0.0199	-1.0000	1.0000	-1.00	290.6850	45.5684	77.3246	13.9327	11.6950	4307.0000	4430.0000	4286.0000	
7293054	-1	671.8000000	0.0073539	55144.355701	-1	0.0486	-1.0000	0.0010	-1.0000	1.0000	-1.00	295.0398	42.8795	76.2785	9.9436	11.0480	4588.0000	4814.0000	4645.0000	
5640750	-1	987.3000000	0.0147000	55269.635714	1.333982	0.0741	0.0221	0.0078	0.0101	0.6720	0.05	297.2018	40.8924	75.3001	7.5766	11.5650	4557.0000	4793.0000	4671.0000	
8054233	-1	1058	-1	54751.806288	0.968052	0.0381	0.0111	0.0051	0.0066	0.4055	0.03	299.2436	43.8144	78.6142	7.7321	11.7830	4733.0000	4962.0000	5067.0000	
4360072	-1	1087.3000000	-1	55165.611684	1.147790	0.0061	0.0031	0.0050	0.0045	0.4408	0.05	290.1413	39.4819	71.5008	11.7046	11.1590	4950.0000	5146.0000	5242.0000	

